position:      22.2827 28.3531 25.9749
orientation:   -0.407715 0.24988 -0.00260924 0.878249
field_of_view: 0.801929
