position:      15.6102 18.8956 18.2429
orientation:   -0.375228 -0.195818 -0.827941 0.367931
field_of_view: 0.946856
