position:      20.279 25.1679 23.3612
orientation:   -0.38084 0.273293 -0.0211257 0.883077
field_of_view: 0.785554
