position:      18.1626 21.1343 21.42
orientation:   -0.381434 -0.192105 -0.827833 0.363726
field_of_view: 0.787038
