position:      16.8229 24.6495 21.0521
orientation:   0.163363 0.414572 0.89067 0.0902751
field_of_view: 0.7726
