position:      20.7884 18.6687 17.2104
orientation:   -0.459475 0.182982 -0.396951 0.773195
field_of_view: 0.783641
