position:      17.4475 10.3337 23.4706
orientation:   -0.143607 0.300652 0.043553 0.941854
field_of_view: 0.786617
